1.0000	0.0000	nan	nan	0.0880	0.0880	0.0858	0.0858	0.0818	0.0818	0.0858	0.0858	0.0941	0.0941	0.0847	0.0847	0.0918	0.0918	nan	nan	0.0857	0.0857	0.0842	0.0842	0.0902	0.0902	0.0886	0.0886	0.0880	0.0880	0.0835	0.0835	0.0960	0.0960	0.0818	0.0818	0.0886	0.0886	0.0858	0.0858
0.0000	1.0000	nan	nan	0.0880	0.0880	0.0858	0.0858	0.0818	0.0818	0.0858	0.0858	0.0941	0.0941	0.0847	0.0847	0.0918	0.0918	nan	nan	0.0857	0.0857	0.0842	0.0842	0.0902	0.0902	0.0886	0.0886	0.0880	0.0880	0.0835	0.0835	0.0960	0.0960	0.0818	0.0818	0.0886	0.0886	0.0858	0.0858
nan	nan	1.0000	0.0000	nan	nan	nan	nan	nan	nan	nan	nan	nan	nan	nan	nan	nan	nan	nan	nan	nan	nan	nan	nan	nan	nan	nan	nan	nan	nan	nan	nan	nan	nan	nan	nan	nan	nan	nan	nan
nan	nan	0.0000	1.0000	nan	nan	nan	nan	nan	nan	nan	nan	nan	nan	nan	nan	nan	nan	nan	nan	nan	nan	nan	nan	nan	nan	nan	nan	nan	nan	nan	nan	nan	nan	nan	nan	nan	nan	nan	nan
0.0880	0.0880	nan	nan	1.0000	0.0000	0.0847	0.0847	0.0800	0.0800	0.0847	0.0847	0.0841	0.0841	0.0856	0.0856	0.1030	0.1030	nan	nan	0.0915	0.0915	0.0831	0.0831	0.0941	0.0941	0.0895	0.0895	0.0951	0.0951	0.0871	0.0871	0.1082	0.1082	0.0800	0.0800	0.0895	0.0895	0.0880	0.0880
0.0880	0.0880	nan	nan	0.0000	1.0000	0.0847	0.0847	0.0800	0.0800	0.0847	0.0847	0.0841	0.0841	0.0856	0.0856	0.1030	0.1030	nan	nan	0.0915	0.0915	0.0831	0.0831	0.0941	0.0941	0.0895	0.0895	0.0951	0.0951	0.0871	0.0871	0.1082	0.1082	0.0800	0.0800	0.0895	0.0895	0.0880	0.0880
0.0858	0.0858	nan	nan	0.0847	0.0847	1.0000	0.0000	0.0712	0.0712	nan	nan	0.0755	0.0755	0.0820	0.0820	0.1149	0.1149	nan	nan	0.0890	0.0890	0.0774	0.0774	0.0980	0.0980	0.0742	0.0742	0.0945	0.0945	0.0885	0.0885	0.0987	0.0987	0.0712	0.0712	0.0742	0.0742	0.0796	0.0796
0.0858	0.0858	nan	nan	0.0847	0.0847	0.0000	1.0000	0.0712	0.0712	nan	nan	0.0755	0.0755	0.0820	0.0820	0.1149	0.1149	nan	nan	0.0890	0.0890	0.0774	0.0774	0.0980	0.0980	0.0742	0.0742	0.0945	0.0945	0.0885	0.0885	0.0987	0.0987	0.0712	0.0712	0.0742	0.0742	0.0796	0.0796
0.0818	0.0818	nan	nan	0.0800	0.0800	0.0712	0.0712	1.0000	0.0000	0.0712	0.0712	0.0763	0.0763	0.0805	0.0805	0.0894	0.0894	nan	nan	0.0848	0.0848	0.0741	0.0741	0.0835	0.0835	0.0738	0.0738	0.0819	0.0819	0.0779	0.0779	0.0887	0.0887	0.0000	0.0000	0.0738	0.0738	0.0767	0.0767
0.0818	0.0818	nan	nan	0.0800	0.0800	0.0712	0.0712	0.0000	1.0000	0.0712	0.0712	0.0763	0.0763	0.0805	0.0805	0.0894	0.0894	nan	nan	0.0848	0.0848	0.0741	0.0741	0.0835	0.0835	0.0738	0.0738	0.0819	0.0819	0.0779	0.0779	0.0887	0.0887	0.0000	0.0000	0.0738	0.0738	0.0767	0.0767
0.0858	0.0858	nan	nan	0.0847	0.0847	nan	nan	0.0712	0.0712	1.0000	0.0000	0.0755	0.0755	0.0820	0.0820	0.1149	0.1149	nan	nan	0.0890	0.0890	0.0774	0.0774	0.0980	0.0980	0.0742	0.0742	0.0945	0.0945	0.0885	0.0885	0.0987	0.0987	0.0712	0.0712	0.0742	0.0742	0.0796	0.0796
0.0858	0.0858	nan	nan	0.0847	0.0847	nan	nan	0.0712	0.0712	0.0000	1.0000	0.0755	0.0755	0.0820	0.0820	0.1149	0.1149	nan	nan	0.0890	0.0890	0.0774	0.0774	0.0980	0.0980	0.0742	0.0742	0.0945	0.0945	0.0885	0.0885	0.0987	0.0987	0.0712	0.0712	0.0742	0.0742	0.0796	0.0796
0.0941	0.0941	nan	nan	0.0841	0.0841	0.0755	0.0755	0.0763	0.0763	0.0755	0.0755	1.0000	0.0000	0.0843	0.0843	0.0954	0.0954	nan	nan	0.0831	0.0831	0.0781	0.0781	0.0880	0.0880	0.0757	0.0757	0.0866	0.0866	0.0827	0.0827	0.0956	0.0956	0.0763	0.0763	0.0757	0.0757	0.0833	0.0833
0.0941	0.0941	nan	nan	0.0841	0.0841	0.0755	0.0755	0.0763	0.0763	0.0755	0.0755	0.0000	1.0000	0.0843	0.0843	0.0954	0.0954	nan	nan	0.0831	0.0831	0.0781	0.0781	0.0880	0.0880	0.0757	0.0757	0.0866	0.0866	0.0827	0.0827	0.0956	0.0956	0.0763	0.0763	0.0757	0.0757	0.0833	0.0833
0.0847	0.0847	nan	nan	0.0856	0.0856	0.0820	0.0820	0.0805	0.0805	0.0820	0.0820	0.0843	0.0843	1.0000	0.0000	0.0900	0.0900	nan	nan	0.0845	0.0845	0.1100	0.1100	0.1031	0.1031	0.0839	0.0839	0.0902	0.0902	0.0833	0.0833	0.0963	0.0963	0.0805	0.0805	0.0839	0.0839	0.0877	0.0877
0.0847	0.0847	nan	nan	0.0856	0.0856	0.0820	0.0820	0.0805	0.0805	0.0820	0.0820	0.0843	0.0843	0.0000	1.0000	0.0900	0.0900	nan	nan	0.0845	0.0845	0.1100	0.1100	0.1031	0.1031	0.0839	0.0839	0.0902	0.0902	0.0833	0.0833	0.0963	0.0963	0.0805	0.0805	0.0839	0.0839	0.0877	0.0877
0.0918	0.0918	nan	nan	0.1030	0.1030	0.1149	0.1149	0.0894	0.0894	0.1149	0.1149	0.0954	0.0954	0.0900	0.0900	1.0000	0.0000	nan	nan	0.0982	0.0982	0.0977	0.0977	0.1087	0.1087	0.1024	0.1024	0.1045	0.1045	0.1012	0.1012	0.1102	0.1102	0.0894	0.0894	0.1024	0.1024	0.0979	0.0979
0.0918	0.0918	nan	nan	0.1030	0.1030	0.1149	0.1149	0.0894	0.0894	0.1149	0.1149	0.0954	0.0954	0.0900	0.0900	0.0000	1.0000	nan	nan	0.0982	0.0982	0.0977	0.0977	0.1087	0.1087	0.1024	0.1024	0.1045	0.1045	0.1012	0.1012	0.1102	0.1102	0.0894	0.0894	0.1024	0.1024	0.0979	0.0979
nan	nan	nan	nan	nan	nan	nan	nan	nan	nan	nan	nan	nan	nan	nan	nan	nan	nan	1.0000	0.0000	nan	nan	nan	nan	nan	nan	nan	nan	nan	nan	nan	nan	nan	nan	nan	nan	nan	nan	nan	nan
nan	nan	nan	nan	nan	nan	nan	nan	nan	nan	nan	nan	nan	nan	nan	nan	nan	nan	0.0000	1.0000	nan	nan	nan	nan	nan	nan	nan	nan	nan	nan	nan	nan	nan	nan	nan	nan	nan	nan	nan	nan
0.0857	0.0857	nan	nan	0.0915	0.0915	0.0890	0.0890	0.0848	0.0848	0.0890	0.0890	0.0831	0.0831	0.0845	0.0845	0.0982	0.0982	nan	nan	1.0000	0.0000	0.0857	0.0857	0.0946	0.0946	0.0899	0.0899	0.0926	0.0926	0.0888	0.0888	0.1031	0.1031	0.0848	0.0848	0.0899	0.0899	0.0863	0.0863
0.0857	0.0857	nan	nan	0.0915	0.0915	0.0890	0.0890	0.0848	0.0848	0.0890	0.0890	0.0831	0.0831	0.0845	0.0845	0.0982	0.0982	nan	nan	0.0000	1.0000	0.0857	0.0857	0.0946	0.0946	0.0899	0.0899	0.0926	0.0926	0.0888	0.0888	0.1031	0.1031	0.0848	0.0848	0.0899	0.0899	0.0863	0.0863
0.0842	0.0842	nan	nan	0.0831	0.0831	0.0774	0.0774	0.0741	0.0741	0.0774	0.0774	0.0781	0.0781	0.1100	0.1100	0.0977	0.0977	nan	nan	0.0857	0.0857	1.0000	0.0000	0.0908	0.0908	0.0764	0.0764	0.1066	0.1066	0.0862	0.0862	0.1073	0.1073	0.0741	0.0741	0.0764	0.0764	0.0860	0.0860
0.0842	0.0842	nan	nan	0.0831	0.0831	0.0774	0.0774	0.0741	0.0741	0.0774	0.0774	0.0781	0.0781	0.1100	0.1100	0.0977	0.0977	nan	nan	0.0857	0.0857	0.0000	1.0000	0.0908	0.0908	0.0764	0.0764	0.1066	0.1066	0.0862	0.0862	0.1073	0.1073	0.0741	0.0741	0.0764	0.0764	0.0860	0.0860
0.0902	0.0902	nan	nan	0.0941	0.0941	0.0980	0.0980	0.0835	0.0835	0.0980	0.0980	0.0880	0.0880	0.1031	0.1031	0.1087	0.1087	nan	nan	0.0946	0.0946	0.0908	0.0908	1.0000	0.0000	0.0916	0.0916	0.1086	0.1086	0.0968	0.0968	0.1127	0.1127	0.0835	0.0835	0.0916	0.0916	0.0910	0.0910
0.0902	0.0902	nan	nan	0.0941	0.0941	0.0980	0.0980	0.0835	0.0835	0.0980	0.0980	0.0880	0.0880	0.1031	0.1031	0.1087	0.1087	nan	nan	0.0946	0.0946	0.0908	0.0908	0.0000	1.0000	0.0916	0.0916	0.1086	0.1086	0.0968	0.0968	0.1127	0.1127	0.0835	0.0835	0.0916	0.0916	0.0910	0.0910
0.0886	0.0886	nan	nan	0.0895	0.0895	0.0742	0.0742	0.0738	0.0738	0.0742	0.0742	0.0757	0.0757	0.0839	0.0839	0.1024	0.1024	nan	nan	0.0899	0.0899	0.0764	0.0764	0.0916	0.0916	1.0000	0.0000	0.0935	0.0935	0.0840	0.0840	0.1060	0.1060	0.0738	0.0738	0.0000	0.0000	0.0797	0.0797
0.0886	0.0886	nan	nan	0.0895	0.0895	0.0742	0.0742	0.0738	0.0738	0.0742	0.0742	0.0757	0.0757	0.0839	0.0839	0.1024	0.1024	nan	nan	0.0899	0.0899	0.0764	0.0764	0.0916	0.0916	0.0000	1.0000	0.0935	0.0935	0.0840	0.0840	0.1060	0.1060	0.0738	0.0738	0.0000	0.0000	0.0797	0.0797
0.0880	0.0880	nan	nan	0.0951	0.0951	0.0945	0.0945	0.0819	0.0819	0.0945	0.0945	0.0866	0.0866	0.0902	0.0902	0.1045	0.1045	nan	nan	0.0926	0.0926	0.1066	0.1066	0.1086	0.1086	0.0935	0.0935	1.0000	0.0000	0.0924	0.0924	0.1088	0.1088	0.0819	0.0819	0.0935	0.0935	0.0912	0.0912
0.0880	0.0880	nan	nan	0.0951	0.0951	0.0945	0.0945	0.0819	0.0819	0.0945	0.0945	0.0866	0.0866	0.0902	0.0902	0.1045	0.1045	nan	nan	0.0926	0.0926	0.1066	0.1066	0.1086	0.1086	0.0935	0.0935	0.0000	1.0000	0.0924	0.0924	0.1088	0.1088	0.0819	0.0819	0.0935	0.0935	0.0912	0.0912
0.0835	0.0835	nan	nan	0.0871	0.0871	0.0885	0.0885	0.0779	0.0779	0.0885	0.0885	0.0827	0.0827	0.0833	0.0833	0.1012	0.1012	nan	nan	0.0888	0.0888	0.0862	0.0862	0.0968	0.0968	0.0840	0.0840	0.0924	0.0924	1.0000	0.0000	0.1011	0.1011	0.0779	0.0779	0.0840	0.0840	0.0843	0.0843
0.0835	0.0835	nan	nan	0.0871	0.0871	0.0885	0.0885	0.0779	0.0779	0.0885	0.0885	0.0827	0.0827	0.0833	0.0833	0.1012	0.1012	nan	nan	0.0888	0.0888	0.0862	0.0862	0.0968	0.0968	0.0840	0.0840	0.0924	0.0924	0.0000	1.0000	0.1011	0.1011	0.0779	0.0779	0.0840	0.0840	0.0843	0.0843
0.0960	0.0960	nan	nan	0.1082	0.1082	0.0987	0.0987	0.0887	0.0887	0.0987	0.0987	0.0956	0.0956	0.0963	0.0963	0.1102	0.1102	nan	nan	0.1031	0.1031	0.1073	0.1073	0.1127	0.1127	0.1060	0.1060	0.1088	0.1088	0.1011	0.1011	1.0000	0.0000	0.0887	0.0887	0.1060	0.1060	0.0971	0.0971
0.0960	0.0960	nan	nan	0.1082	0.1082	0.0987	0.0987	0.0887	0.0887	0.0987	0.0987	0.0956	0.0956	0.0963	0.0963	0.1102	0.1102	nan	nan	0.1031	0.1031	0.1073	0.1073	0.1127	0.1127	0.1060	0.1060	0.1088	0.1088	0.1011	0.1011	0.0000	1.0000	0.0887	0.0887	0.1060	0.1060	0.0971	0.0971
0.0818	0.0818	nan	nan	0.0800	0.0800	0.0712	0.0712	0.0000	0.0000	0.0712	0.0712	0.0763	0.0763	0.0805	0.0805	0.0894	0.0894	nan	nan	0.0848	0.0848	0.0741	0.0741	0.0835	0.0835	0.0738	0.0738	0.0819	0.0819	0.0779	0.0779	0.0887	0.0887	1.0000	0.0000	0.0738	0.0738	0.0767	0.0767
0.0818	0.0818	nan	nan	0.0800	0.0800	0.0712	0.0712	0.0000	0.0000	0.0712	0.0712	0.0763	0.0763	0.0805	0.0805	0.0894	0.0894	nan	nan	0.0848	0.0848	0.0741	0.0741	0.0835	0.0835	0.0738	0.0738	0.0819	0.0819	0.0779	0.0779	0.0887	0.0887	0.0000	1.0000	0.0738	0.0738	0.0767	0.0767
0.0886	0.0886	nan	nan	0.0895	0.0895	0.0742	0.0742	0.0738	0.0738	0.0742	0.0742	0.0757	0.0757	0.0839	0.0839	0.1024	0.1024	nan	nan	0.0899	0.0899	0.0764	0.0764	0.0916	0.0916	0.0000	0.0000	0.0935	0.0935	0.0840	0.0840	0.1060	0.1060	0.0738	0.0738	1.0000	0.0000	0.0797	0.0797
0.0886	0.0886	nan	nan	0.0895	0.0895	0.0742	0.0742	0.0738	0.0738	0.0742	0.0742	0.0757	0.0757	0.0839	0.0839	0.1024	0.1024	nan	nan	0.0899	0.0899	0.0764	0.0764	0.0916	0.0916	0.0000	0.0000	0.0935	0.0935	0.0840	0.0840	0.1060	0.1060	0.0738	0.0738	0.0000	1.0000	0.0797	0.0797
0.0858	0.0858	nan	nan	0.0880	0.0880	0.0796	0.0796	0.0767	0.0767	0.0796	0.0796	0.0833	0.0833	0.0877	0.0877	0.0979	0.0979	nan	nan	0.0863	0.0863	0.0860	0.0860	0.0910	0.0910	0.0797	0.0797	0.0912	0.0912	0.0843	0.0843	0.0971	0.0971	0.0767	0.0767	0.0797	0.0797	1.0000	0.0000
0.0858	0.0858	nan	nan	0.0880	0.0880	0.0796	0.0796	0.0767	0.0767	0.0796	0.0796	0.0833	0.0833	0.0877	0.0877	0.0979	0.0979	nan	nan	0.0863	0.0863	0.0860	0.0860	0.0910	0.0910	0.0797	0.0797	0.0912	0.0912	0.0843	0.0843	0.0971	0.0971	0.0767	0.0767	0.0797	0.0797	0.0000	1.0000
